1	3
2	3
3	5
4	5
5	3
6	2
7	2
8	8
9	10
10	2
11	6
12	3
13	3
14	8
15	6
16	6
17	3
18	2
19	2
20	10
21	3
22	7
23	6
24	7
25	2
26	6
27	2
28	5
29	10
30	4
31	10
32	9
33	7
34	4
35	7
36	5
37	3
38	2
39	6
40	5
41	3
42	5
43	8
44	4
45	2
46	4
47	2
48	7
49	10
50	3
51	3
52	8
53	3
54	5
55	6
56	4
57	2
58	7
59	3
60	2
61	5
62	8
63	9
64	1
65	6
66	6
67	8
68	9
69	6
70	3
71	3
72	5
73	3
74	3
75	3
76	3
77	5
78	3
79	9
80	3
81	6
82	3
83	9
84	6
85	4
86	5
87	2
88	8
89	2
90	10
91	3
92	8
93	5
94	3
95	7
96	3
97	3
98	6
99	1
100	8
101	2
102	4
103	4
104	1
105	3
106	10
107	2
108	2
109	5
110	2
111	2
112	1
113	9
114	2
115	4
116	2
117	7
118	4
119	2
120	4
121	2
122	4
123	3
124	10
125	6
126	2
127	7
128	9
129	6
130	8
131	3
132	9
133	5
134	7
135	2
136	2
137	8
138	6
139	8
140	6
141	7
142	2
143	2
144	5
145	4
146	2
147	2
148	4
149	3
150	6
151	2
152	2
153	9
154	4
155	7
156	7
157	6
158	8
159	5
160	6
161	7
162	7
163	2
164	3
165	8
166	9
167	5
168	3
169	4
170	3
171	1
172	4
173	3
174	6
175	7
176	7
177	4
178	5
179	2
180	2
181	9
182	6
183	4
184	8
185	1
186	2
187	4
188	7
189	2
190	4
191	5
192	7
193	2
194	5
195	2
196	2
197	5
198	7
199	1
200	2
201	6
202	2
203	2
204	3
205	8
206	1
207	2
208	3
209	5
210	1
211	4
212	2
213	8
214	3
215	1
216	9
217	5
218	2
219	9
220	7
221	2
222	3
223	4
224	2
225	6
226	10
227	9
228	5
229	5
230	10
231	2
232	2
233	7
234	4
235	2
236	5
237	5
238	5
239	8
240	5
241	5
242	4
243	9
244	5
245	3
246	4
247	3
248	2
249	5
250	10
251	8
252	3
253	2
254	3
255	10
256	8
257	3
258	9
259	3
260	7
261	7
262	10
263	3
264	4
265	2
266	10
267	8
268	10
269	2
270	8
271	4
272	10
273	4
274	6
275	5
276	2
277	2
278	1
279	2
280	9
281	5
282	10
283	3
284	10
285	1
286	3
287	4
288	6
289	3
290	3
291	2
292	9
293	3
294	3
295	2
296	4
297	3
298	6
299	2
300	9
301	8
302	4
303	6
304	2
305	7
306	1
307	5
308	2
309	3
310	3
311	3
312	10
313	4
314	2
315	3
316	2
317	3
318	3
319	2
320	7
321	9
322	3
323	7
324	6
325	3
326	3
327	8
328	1
329	9
330	8
331	3
332	2
333	3
334	1
335	5
336	4
337	2
338	3
339	1
340	4
341	10
342	3
343	1
344	10
345	5
346	4
347	5
348	8
349	7
350	4
351	1
352	6
353	4
354	7
355	4
356	2
357	3
358	2
359	3
360	9
361	9
362	7
363	4
364	5
365	2
366	9
367	2
368	3
369	5
370	5
371	4
372	5
373	7
374	7
375	4
376	6
377	3
378	3
379	7
380	2
381	10
382	4
383	2
384	4
385	6
386	1
387	7
388	3
389	2
390	2
391	2
392	9
393	5
394	1
395	4
396	8
397	6
398	3
399	3
400	4
401	3
402	2
403	4
404	3
405	8
406	4
407	10
408	2
409	6
410	5
411	3
412	2
413	1
414	2
415	6
416	10
417	5
418	8
419	2
420	2
421	7
422	4
423	3
424	3
425	4
426	2
427	3
428	2
429	10
430	2
431	6
432	7
433	9
434	1
435	2
436	2
437	2
438	7
439	3
440	9
441	2
442	9
443	5
444	4
445	2
446	10
447	3
448	7
449	1
450	2
451	1
452	2
453	10
454	3
455	3
456	4
457	6
458	9
459	3
460	3
461	3
462	1
463	3
464	10
465	3
466	5
467	7
468	2
469	4
470	2
471	4
472	8
473	5
474	3
475	4
476	3
477	4
478	5
479	1
480	2
481	6
482	2
483	3
484	2
485	1
486	8
487	5
488	5
489	2
490	5
491	7
492	8
493	2
494	2
495	1
496	7
497	2
498	2
499	2
500	2
501	2
502	2
503	2
504	10
505	9
506	2
507	6
508	5
509	6
510	3
511	1
512	3
513	7
514	2
515	2
516	2
517	3
518	4
519	2
520	6
521	3
522	7
523	1
524	9
525	3
526	1
527	4
528	5
529	5
530	8
531	6
532	3
533	6
534	4
535	4
536	7
537	2
538	10
539	2
540	3
541	4
542	4
543	9
544	8
545	5
546	7
547	1
548	6
549	2
550	10
551	6
552	2
553	8
554	3
555	8
556	3
557	4
558	3
559	6
560	2
561	4
562	5
563	8
564	9
565	8
566	4
567	6
568	6
569	6
570	2
571	2
572	2
573	3
574	5
575	3
576	3
577	1
578	4
579	4
580	9
581	2
582	10
583	2
584	9
585	6
586	3
587	2
588	5
589	4
590	2
591	2
592	5
593	4
594	5
595	2
596	2
597	6
598	2
599	5
600	10
601	5
602	8
603	5
604	3
605	3
606	2
607	3
608	7
609	8
610	1
611	9
612	2
613	6
614	8
615	5
616	1
617	2
618	3
619	8
620	4
621	5
622	10
623	8
624	3
625	7
626	7
627	3
628	3
629	3
630	1
631	4
632	10
633	8
634	2
635	8
636	4
637	6
638	1
639	2
640	6
641	10
642	6
643	2
644	1
645	3
646	7
647	8
648	2
649	7
650	2
651	3
652	7
653	4
654	2
655	3
656	6
657	4
658	5
659	4
660	3
661	4
662	2
663	2
664	5
665	1
666	7
667	10
668	2
669	10
670	4
671	1
672	7
673	6
674	6
675	1
676	1
677	5
678	8
679	4
680	9
681	4
682	3
683	2
684	7
685	2
686	8
687	2
688	5
689	5
690	3
691	4
692	2
693	5
694	2
695	9
696	7
697	9
698	3
699	7
700	3
701	2
702	2
703	2
704	6
705	1
706	2
707	2
708	6
709	7
710	6
711	6
712	5
713	6
714	3
715	2
716	2
717	9
718	7
719	8
720	2
721	4
722	5
723	6
724	4
725	1
726	5
727	2
728	5
729	5
730	10
731	1
732	2
733	4
734	5
735	4
736	5
737	9
738	8
739	10
740	7
741	6
742	9
743	7
744	2
745	1
746	3
747	2
748	3
749	4
750	2
751	4
752	4
753	3
754	5
755	3
756	8
757	9
758	4
759	2
760	5
761	4
762	2
763	9
764	3
765	3
766	6
767	3
768	5
769	1
770	9
771	7
772	3
773	9
774	10
775	2
776	2
777	2
778	6
779	5
780	2
781	9
782	4
783	4
784	2
785	5
786	4
787	6
788	3
789	5
790	6
791	2
792	5
793	4
794	4
795	4
796	9
797	3
798	6
799	2
800	10
801	10
802	8
803	2
804	4
805	9
806	6
807	4
808	9
809	9
810	5
811	8
812	3
813	2
814	2
815	9
816	6
817	2
818	3
819	6
820	5
821	4
822	7
823	4
824	10
825	8
826	5
827	5
828	5
829	3
830	2
831	2
832	7
833	7
834	4
835	2
836	2
837	3
838	2
839	5
840	9
841	2
842	2
843	3
844	10
845	5
846	2
847	3
848	3
849	2
850	5
851	4
852	7
853	10
854	4
855	3
856	4
857	2
858	2
859	8
860	3
861	1
862	5
863	1
864	3
865	8
866	2
867	2
868	3
869	2
870	10
871	2
872	4
873	5
874	9
875	5
876	4
877	6
878	4
879	2
880	2
881	4
882	6
883	2
884	3
885	8
886	8
887	6
888	3
889	4
890	10
891	4
892	2
893	5
894	2
895	3
896	2
897	8
898	3
899	2
900	6
901	3
902	2
903	7
904	7
905	3
906	8
907	2
908	7
909	7
910	2
911	7
912	7
913	9
914	4
915	2
916	3
917	2
918	2
919	8
920	5
921	3
922	5
923	5
924	10
925	6
926	6
927	3
928	5
929	5
930	7
931	2
932	4
933	3
934	3
935	6
936	9
937	3
938	9
939	3
940	7
941	2
942	8
943	2
944	5
945	9
946	7
947	3
948	2
949	3
950	3
951	7
952	3
953	7
954	7
955	2
956	2
957	3
958	2
959	9
960	9
961	7
962	7
963	3
964	3
965	8
966	3
967	8
968	7
969	3
970	3
971	3
972	2
973	8
974	5
975	6
976	3
977	3
978	2
979	8
980	5
981	7
982	4
983	6
984	6
985	6
986	2
987	7
988	2
989	8
990	3
991	10
992	2
993	7
994	3
995	2
996	3
997	3
998	4
999	3
1000	1
