1	11
1	33
1	54
1	56
1	62
1	68
1	101
1	103
1	159
1	209
1	211
1	229
1	345
1	372
1	373
1	425
1	604
1	840
1	1077
1	1087
1	1150
1	1459
1	1491
1	1541
1	1590
1	1675
1	1837
1	1901
2	18
2	38
2	43
2	108
2	197
2	216
2	294
2	351
2	470
2	541
2	557
2	632
2	650
2	695
2	915
2	992
2	1100
2	1128
2	1182
2	1190
2	1220
2	1325
2	1350
2	1503
2	1557
2	1579
2	1702
2	1730
3	7
3	120
3	157
3	227
3	258
3	267
3	342
3	347
3	385
3	409
3	446
3	458
3	566
3	600
3	800
3	886
3	1108
3	1223
3	1299
3	1339
3	1594
3	1600
3	1603
3	1658
3	1896
3	1925
4	19
4	67
4	92
4	107
4	123
4	145
4	161
4	172
4	173
4	183
4	189
4	224
4	297
4	606
4	629
4	728
4	736
4	773
4	1236
4	1261
4	1340
4	1356
4	1402
4	1634
4	1712
4	1855
5	22
5	117
5	120
5	182
5	291
5	488
5	508
5	514
5	556
5	626
5	658
5	737
5	940
5	1068
5	1120
5	1201
5	1204
5	1236
5	1289
5	1348
5	1404
5	1556
5	1744
5	1826
5	1900
6	37
6	66
6	97
6	121
6	135
6	138
6	212
6	221
6	223
6	242
6	308
6	346
6	422
6	502
6	559
6	621
6	672
6	732
6	1035
6	1119
6	1661
6	1704
6	1781
6	1791
6	1807
7	11
7	64
7	228
7	275
7	380
7	445
7	657
7	683
7	710
7	723
7	793
7	1151
7	1207
7	1346
7	1437
7	1483
7	1572
7	1714
7	1821
7	1953
7	1971
8	16
8	20
8	24
8	66
8	85
8	186
8	384
8	397
8	557
8	698
8	833
8	966
8	1266
8	1384
8	1399
8	1567
8	1575
8	1719
8	1790
8	1816
8	1859
9	39
9	50
9	249
9	429
9	495
9	588
9	596
9	783
9	951
9	965
9	978
9	1044
9	1114
9	1448
9	1521
9	1551
9	1710
9	1805
9	1869
9	1933
10	62
10	90
10	195
10	219
10	270
10	303
10	365
10	366
10	439
10	629
10	667
10	860
10	906
10	970
10	996
10	1367
10	1698
10	1828
10	2000
11	31
11	33
11	45
11	60
11	83
11	101
11	238
11	304
11	358
11	404
11	534
11	922
11	1383
11	1411
11	1707
11	1861
11	1997
12	45
12	58
12	70
12	179
12	328
12	333
12	371
12	475
12	608
12	801
12	1061
12	1137
12	1142
12	1264
12	1608
12	1612
12	1680
13	18
13	43
13	294
13	341
13	349
13	433
13	435
13	505
13	614
13	770
13	946
13	971
13	1175
13	1222
13	1374
13	1481
13	1587
14	30
14	102
14	127
14	163
14	188
14	222
14	403
14	448
14	550
14	584
14	735
14	808
14	823
14	850
14	997
14	1150
14	1294
15	162
15	169
15	183
15	213
15	527
15	596
15	630
15	644
15	762
15	848
15	990
15	1003
15	1009
15	1011
15	1296
15	1826
16	19
16	35
16	189
16	322
16	488
16	499
16	764
16	918
16	1132
16	1170
16	1198
16	1555
16	1900
16	1974
16	1976
17	42
17	50
17	75
17	78
17	106
17	228
17	342
17	378
17	485
17	1202
17	1274
17	1330
17	1338
17	1531
17	1992
17	1998
18	43
18	279
18	341
18	465
18	553
18	558
18	677
18	870
18	897
18	1101
18	1222
18	1325
18	1344
18	1845
19	22
19	44
19	225
19	297
19	381
19	411
19	509
19	647
19	1316
19	1523
19	1609
19	1659
19	1941
20	54
20	84
20	113
20	129
20	335
20	342
20	395
20	456
20	472
20	824
20	1584
20	1592
20	1780
20	1875
21	91
21	137
21	159
21	366
21	472
21	743
21	982
21	1054
21	1056
21	1209
21	1284
21	1355
21	1709
21	1750
22	86
22	94
22	331
22	430
22	601
22	641
22	729
22	742
22	746
22	852
22	1015
22	1820
23	129
23	175
23	200
23	338
23	414
23	449
23	776
23	838
23	1106
23	1485
23	1829
23	1850
23	1885
23	1959
24	73
24	98
24	193
24	344
24	374
24	413
24	484
24	518
24	624
24	1071
24	1227
24	1415
24	1670
25	64
25	217
25	228
25	302
25	421
25	449
25	513
25	530
25	1216
25	1265
25	1672
25	1717
25	1872
25	1957
26	48
26	51
26	65
26	100
26	120
26	345
26	458
26	670
26	701
26	1187
26	1411
26	1679
26	1904
26	1906
27	33
27	56
27	96
27	220
27	335
27	572
27	872
27	1138
27	1194
27	1313
27	1642
27	1676
27	1831
27	1934
28	52
28	103
28	230
28	284
28	296
28	817
28	837
28	873
28	1229
28	1526
28	1801
28	1855
28	1943
29	40
29	48
29	105
29	153
29	180
29	350
29	496
29	568
29	1193
29	1535
29	1558
29	1767
29	1846
30	64
30	130
30	163
30	306
30	519
30	749
30	1364
30	1373
30	1407
30	1732
30	1812
30	1818
31	60
31	62
31	257
31	457
31	545
31	616
31	755
31	969
31	1043
31	1343
31	1517
31	1905
32	35
32	148
32	225
32	514
32	546
32	555
32	737
32	1413
32	1519
32	1624
32	1856
32	1886
33	56
33	84
33	234
33	275
33	312
33	535
33	628
33	1077
33	1861
34	72
34	80
34	203
34	210
34	675
34	681
34	1135
34	1245
34	1362
34	1508
34	1644
34	1945
35	49
35	540
35	601
35	625
35	844
35	1140
35	1234
35	1302
35	1345
35	1856
36	53
36	122
36	316
36	321
36	483
36	697
36	725
36	733
36	946
36	986
36	1526
36	1554
37	87
37	97
37	261
37	371
37	389
37	463
37	707
37	952
37	1793
37	1873
38	79
38	144
38	231
38	413
38	436
38	598
38	1148
38	1401
38	1663
38	1760
39	106
39	184
39	394
39	656
39	682
39	1056
39	1395
39	1414
39	1722
39	1857
40	57
40	137
40	149
40	153
40	196
40	567
40	872
40	973
40	1562
40	1774
41	61
41	76
41	210
41	218
41	273
41	353
41	444
41	885
41	908
41	1052
41	1164
42	71
42	90
42	232
42	365
42	781
42	794
42	1076
42	1392
42	1766
42	1868
43	85
43	161
43	592
43	1100
43	1190
43	1305
43	1396
43	1601
44	81
44	161
44	185
44	468
44	536
44	1132
44	1260
44	1307
44	1639
44	1949
45	63
45	118
45	139
45	187
45	720
45	799
45	1271
45	1823
45	1994
46	65
46	112
46	136
46	177
46	377
46	633
46	740
46	765
46	1380
46	1739
46	1752
47	56
47	243
47	308
47	846
47	922
47	976
47	1113
47	1160
47	1623
47	1924
47	1930
48	137
48	154
48	544
48	1032
48	1086
48	1140
48	1173
48	1441
48	1478
49	117
49	131
49	132
49	181
49	309
49	508
49	509
49	650
49	938
49	1442
50	140
50	277
50	394
50	412
50	869
50	1166
50	1266
50	1918
51	67
51	213
51	271
51	489
51	540
51	629
51	1328
51	1577
51	1948
52	63
52	142
52	180
52	221
52	481
52	512
52	1387
52	1467
52	1918
53	126
53	250
53	292
53	727
53	897
53	995
53	1145
53	1285
53	1315
54	57
54	393
54	400
54	534
54	618
54	788
54	876
54	1902
55	170
55	198
55	327
55	561
55	603
55	814
55	1018
55	1410
55	1514
55	1777
56	88
56	101
56	1365
56	1446
56	1787
56	1969
57	219
57	396
57	410
57	1037
57	1144
57	1451
57	1506
57	1702
58	138
58	390
58	401
58	486
58	615
58	617
58	665
58	747
58	1441
59	60
59	162
59	234
59	344
59	396
59	397
59	526
59	1637
59	1686
60	302
60	330
60	652
60	1355
60	1675
60	1878
61	76
61	260
61	719
61	1073
61	1284
61	1673
61	1748
61	1883
62	90
62	370
62	529
62	1120
62	1660
62	1847
63	83
63	114
63	292
63	383
63	792
63	1412
63	1689
64	165
64	253
64	329
64	884
64	1643
64	1751
65	125
65	332
65	377
65	434
65	636
65	649
65	1970
66	139
66	563
66	589
66	873
66	879
66	961
66	1383
67	201
67	247
67	516
67	1509
67	1580
67	1637
67	1771
68	109
68	250
68	390
68	651
68	658
68	894
68	1797
68	1985
69	175
69	262
69	522
69	1102
69	1241
69	1328
69	1598
69	1779
69	1819
70	103
70	368
70	674
70	687
70	725
70	865
70	1954
71	238
71	381
71	738
71	754
71	815
71	994
71	1803
72	218
72	624
72	954
72	1057
72	1134
72	1522
72	1869
73	92
73	161
73	246
73	251
73	291
73	1198
73	1205
74	166
74	281
74	373
74	396
74	500
74	566
74	1946
74	1980
75	140
75	549
75	622
75	1044
75	1489
75	1678
75	1848
76	398
76	578
76	669
76	696
76	892
76	1604
77	89
77	99
77	117
77	209
77	491
77	609
77	934
77	937
78	106
78	277
78	364
78	620
78	1078
78	1448
78	1832
79	202
79	335
79	904
79	941
79	945
79	1493
79	1591
80	231
80	317
80	570
80	578
80	1016
80	1385
80	1619
81	362
81	538
81	893
81	987
81	1038
81	1228
81	1427
82	164
82	254
82	440
82	841
82	909
82	1030
82	1051
82	1161
83	90
83	232
83	780
83	807
83	815
83	1482
84	95
84	150
84	166
84	653
84	1131
84	1238
85	351
85	435
85	573
85	1568
85	1617
85	1628
86	110
86	127
86	661
86	662
86	893
86	1084
86	1939
87	417
87	493
87	741
87	834
87	1024
87	1124
87	1617
88	92
88	127
88	499
88	579
88	933
88	1842
88	1988
89	274
89	320
89	916
89	953
89	1008
89	1051
89	1361
90	302
90	406
90	1200
90	1961
91	266
91	374
91	459
91	584
91	1276
91	1722
92	185
92	680
92	747
92	1782
93	235
93	663
93	1149
93	1262
93	1631
93	1692
93	1807
94	115
94	437
94	607
94	671
94	803
94	1761
95	120
95	587
95	889
95	967
95	1516
95	1682
96	159
96	607
96	683
96	1255
96	1717
96	1901
97	352
97	441
97	833
97	1347
97	1960
98	275
98	456
98	494
98	843
98	911
98	1715
99	254
99	307
99	765
99	1008
99	1731
99	1757
100	154
100	310
100	1046
100	1436
100	1443
100	1778
101	500
101	587
101	1208
101	1666
102	379
102	604
102	748
102	830
102	1235
102	1382
103	135
103	259
103	482
103	1484
104	274
104	295
104	487
104	797
104	1453
104	1854
104	1864
105	115
105	261
105	311
105	379
105	675
105	710
106	677
106	863
106	1395
106	1654
107	131
107	402
107	1021
107	1885
107	1891
107	1974
108	175
108	206
108	571
108	583
108	939
108	1370
109	357
109	1147
109	1244
109	1400
109	1817
109	1917
110	148
110	246
110	636
110	1512
110	1523
110	1928
111	487
111	633
111	1644
111	1700
111	1708
111	1757
111	1908
112	1048
112	1063
112	1423
112	1690
112	1877
112	1938
113	253
113	529
113	715
113	1138
113	1806
113	1821
114	293
114	340
114	463
114	593
114	1796
114	1797
115	204
115	363
115	573
115	1586
115	1716
116	188
116	229
116	785
116	799
116	1418
116	1462
116	1564
117	148
117	1011
117	1429
117	1927
118	126
118	767
118	859
118	947
118	1168
118	1538
119	202
119	352
119	721
119	786
119	816
119	1169
119	1664
120	1297
120	1388
121	135
121	672
121	825
121	1304
121	1419
122	296
122	518
122	733
122	1135
122	1256
123	729
123	999
123	1435
123	1534
123	1929
124	177
124	538
124	847
124	1581
124	1735
124	1877
125	164
125	852
125	977
125	1062
125	1247
126	214
126	896
126	1893
126	1919
127	524
127	761
127	1871
128	641
128	686
128	895
128	942
128	1281
128	1287
129	150
129	312
129	437
129	1904
130	163
130	386
130	1414
130	1436
130	1480
131	462
131	646
131	1041
131	1865
132	569
132	1042
132	1278
132	1651
132	1968
133	152
133	204
133	573
133	1542
133	1557
133	1636
134	237
134	265
134	332
134	466
134	555
134	809
135	293
135	703
135	1475
136	383
136	476
136	487
136	769
136	1303
137	1010
137	1292
137	1322
138	223
138	589
138	1879
138	2000
139	298
139	310
139	469
139	984
140	271
140	319
140	620
140	1360
141	263
141	491
141	693
141	1075
141	1133
141	1731
142	395
142	497
142	932
142	1000
142	1253
143	179
143	258
143	960
143	1181
143	1389
143	1987
144	154
144	207
144	357
144	409
144	1769
145	531
145	887
145	1471
145	1744
145	1753
146	320
146	464
146	564
146	687
146	1647
146	1699
147	202
147	396
147	676
147	974
147	1495
147	1751
148	646
148	822
148	1049
149	228
149	530
149	635
149	809
149	1155
150	279
150	1012
150	1662
150	1668
151	257
151	786
151	936
151	1113
151	1827
151	1986
152	841
152	1024
152	1040
152	1139
152	1205
153	224
153	285
153	289
153	1723
154	440
154	1110
154	1457
155	186
155	273
155	1149
155	1595
155	1665
155	1954
156	221
156	357
156	1189
156	1308
156	1434
156	1470
157	304
157	489
157	1047
157	1108
157	1141
158	319
158	394
158	489
158	917
158	1765
158	1825
159	223
159	1281
159	1543
160	181
160	269
160	465
160	1058
160	1406
160	1585
161	1261
161	1610
162	168
162	350
162	511
162	1241
163	338
163	1665
163	1849
164	767
164	1242
164	1398
165	704
165	766
165	1725
165	1981
166	1184
166	1442
166	1443
167	419
167	1357
167	1428
167	1694
167	1920
168	281
168	899
168	1684
168	1685
169	210
169	309
169	773
169	1068
170	233
170	299
170	739
170	768
171	685
171	1136
171	1191
171	1368
171	1525
172	418
172	485
172	716
172	1975
173	331
173	431
173	471
173	963
174	353
174	521
174	578
174	1058
174	1223
175	1356
175	1495
176	405
176	1301
176	1432
176	1517
176	1987
177	209
177	283
177	609
178	263
178	774
178	1072
178	1251
178	1610
179	391
179	591
179	1999
180	1088
180	1597
180	1728
181	552
181	881
181	1025
182	510
182	625
182	644
182	950
183	692
183	861
183	1755
184	606
184	931
184	1678
184	1933
185	197
185	1096
185	1352
186	321
186	501
186	1666
187	532
187	849
187	1559
187	1655
188	338
188	469
188	907
189	594
189	804
189	1727
190	441
190	520
190	915
190	1380
190	1888
191	416
191	612
191	871
191	1032
191	1677
192	242
192	330
192	891
192	944
192	1811
193	221
193	300
193	747
193	1079
194	392
194	678
194	680
194	1302
194	1393
195	215
195	1246
195	1711
195	1899
196	409
196	492
196	1259
196	1703
197	821
197	962
197	1956
198	288
198	327
198	361
198	1793
199	272
199	620
199	777
199	917
199	926
200	265
200	455
200	693
200	1369
201	1104
201	1171
201	1606
201	1951
202	639
202	802
203	605
203	681
203	1200
203	1425
204	279
204	341
204	770
205	581
205	979
205	1550
205	1792
205	1891
206	341
206	571
206	804
206	1636
207	430
207	701
207	1808
207	1921
208	378
208	622
208	679
208	778
208	1455
209	295
209	476
210	398
210	929
211	794
211	1431
211	1432
211	1703
212	668
212	914
212	1326
212	1781
213	310
213	640
213	1536
214	568
214	1283
214	1357
214	1550
215	616
215	654
215	1243
215	1874
216	417
216	583
216	949
216	1628
217	988
217	1348
217	1527
217	1663
218	375
218	1500
218	1714
219	1469
219	1674
219	1896
220	1439
220	1775
220	1860
220	1972
221	401
222	327
222	739
222	1013
222	1695
223	671
223	1079
224	343
224	731
224	1995
225	360
225	624
225	1782
226	526
226	612
226	840
226	862
226	1290
227	415
227	1093
227	1474
227	1667
228	722
229	388
229	702
229	1876
230	255
230	726
230	1445
230	1738
231	278
231	669
231	1243
232	276
232	790
232	920
233	712
233	1196
233	1476
233	1514
234	805
234	1798
235	659
235	879
235	1031
236	314
236	1096
236	1158
236	1961
237	376
237	600
237	1437
238	1349
238	1613
239	666
239	813
239	1560
239	1822
240	386
240	1059
240	1191
240	1815
241	662
241	704
241	842
241	1638
242	356
242	560
243	267
243	443
243	1615
244	598
244	628
244	1354
244	1692
245	314
245	347
245	666
245	851
246	762
246	1864
247	404
247	634
247	1157
248	311
248	739
248	1159
248	1212
249	429
249	853
249	1805
250	317
250	1428
251	1471
251	1534
251	1599
252	381
252	692
252	1171
252	1516
253	328
253	533
254	295
254	564
255	468
255	1098
255	1545
256	322
256	413
256	754
256	1177
257	298
257	1580
258	382
258	459
259	463
259	1119
259	1791
260	880
260	1134
260	1263
261	732
261	1749
262	1598
262	1770
262	1789
263	1758
263	1929
264	866
264	1291
264	1449
264	1718
265	1217
265	1659
266	303
266	350
266	1527
267	905
267	1093
268	299
268	384
268	910
268	1303
269	711
269	1224
269	1406
270	900
270	1039
270	1431
271	623
271	1952
272	993
272	1267
272	1724
273	423
273	664
274	471
274	1062
275	1769
276	1178
276	1652
276	1799
277	394
277	1520
278	490
278	654
278	1522
279	305
280	985
280	1055
280	1372
280	1401
281	334
281	1844
282	666
282	713
282	759
282	1683
283	481
283	779
283	877
284	400
284	995
284	1993
285	366
285	661
285	1668
286	331
286	356
286	1231
286	1836
287	659
287	763
287	927
287	1570
288	339
288	392
288	1214
289	528
289	1546
289	1819
290	408
290	553
290	1199
290	1447
291	762
291	1005
292	439
292	497
293	1121
293	1903
294	482
294	1775
295	383
296	819
296	921
297	557
297	1683
298	751
298	1661
299	797
299	1970
300	349
300	474
300	508
301	359
301	1012
301	1074
301	1511
302	537
303	461
303	901
304	438
304	698
305	925
305	1374
305	1972
306	708
306	1053
306	1578
307	367
307	847
307	1154
308	467
308	734
309	473
309	842
310	1359
311	388
311	1593
312	638
312	1870
313	674
313	813
313	1324
313	1677
314	692
314	717
315	362
315	875
315	1404
315	1851
316	333
316	356
316	1091
317	828
317	919
318	322
318	660
318	1192
318	1486
319	503
319	1050
320	856
320	1895
321	700
321	1776
322	1105
323	619
323	845
323	1701
323	1889
324	434
324	684
324	966
324	1026
325	712
325	937
325	1063
325	1804
326	443
326	599
326	1394
326	1632
327	376
328	419
328	877
329	354
329	454
329	1618
330	340
330	420
331	1323
332	1048
332	1070
333	429
333	1169
334	406
334	1515
334	1629
335	974
336	452
336	531
336	1275
336	1511
337	1155
337	1739
337	1897
337	1910
338	829
339	664
339	826
339	1001
340	720
340	1074
342	651
343	536
343	661
343	1390
344	1545
344	1693
345	439
345	1728
346	721
346	1538
346	1768
347	459
347	1758
348	494
348	643
348	791
348	1726
349	542
349	1081
350	545
351	558
351	1723
352	825
352	1958
353	943
353	954
354	515
354	787
354	811
355	533
355	766
355	1116
355	1420
356	1493
357	617
358	376
358	988
358	1630
359	1060
359	1509
359	1982
360	610
360	844
360	1462
361	849
361	1214
361	1306
362	1279
362	1565
363	1010
363	1269
363	1513
364	579
364	820
364	821
365	1097
365	1469
366	1573
367	1070
367	1602
367	1700
368	548
368	1336
368	1873
369	498
369	651
369	1378
369	1410
370	387
370	581
370	787
371	728
371	1612
372	515
372	843
372	1916
373	441
373	969
374	520
374	1696
375	818
375	1016
375	1494
376	1416
377	388
377	434
378	1319
378	1539
379	1212
379	1982
380	1468
380	1687
380	1957
381	791
382	477
382	760
382	1834
383	1804
384	1038
384	1760
385	1239
385	1530
385	1740
386	756
386	948
387	480
387	694
387	854
388	756
389	717
389	1170
389	1228
390	474
390	1039
391	428
391	1174
391	1916
392	882
392	1306
393	450
393	958
393	1850
395	572
395	1788
397	771
397	1341
398	570
398	1164
399	449
399	851
399	1715
399	1950
400	627
400	776
401	896
401	899
402	1446
402	1609
402	1720
403	504
403	694
403	1876
404	627
404	1710
405	973
405	1913
406	442
407	685
407	1122
407	1195
408	768
408	1447
410	912
410	1762
411	1060
411	1687
412	495
412	1090
414	554
414	1620
415	457
415	1978
416	744
416	819
417	493
418	592
418	1430
419	1262
420	707
420	888
421	686
421	1247
422	502
422	1412
423	1086
423	1227
424	1006
424	1694
424	1951
425	476
425	1854
426	868
426	1141
426	1333
427	446
427	846
427	1870
428	597
428	1088
430	1721
431	509
431	646
432	858
432	976
432	1605
433	451
433	1194
435	614
436	1025
436	1369
437	1112
438	1426
438	1504
440	791
442	780
442	1510
443	1237
444	541
444	753
445	640
445	1312
446	1887
447	570
447	681
447	818
448	676
448	857
450	527
450	1197
451	527
451	1680
452	473
452	771
453	1180
453	1238
453	1925
454	714
454	1590
455	898
455	991
456	1095
457	1657
458	1763
460	506
460	942
460	1218
461	684
461	1701
462	475
462	1727
464	983
464	1112
465	1418
466	733
466	1454
467	613
467	700
468	575
469	727
470	1487
470	1587
471	610
472	1602
473	1021
474	1337
475	782
477	1184
477	1944
478	999
478	1777
478	1862
479	776
479	1292
479	1838
480	892
480	1473
481	1014
482	1477
483	1059
483	1849
484	798
484	1258
485	1036
486	1832
486	1986
488	779
490	769
490	1488
491	1741
492	1541
492	1613
493	1269
494	1686
495	1405
496	653
496	1848
497	1295
498	938
498	1209
499	643
500	1459
501	690
501	700
502	1991
503	656
503	1799
504	634
504	1363
505	571
505	1989
506	779
506	782
507	602
507	871
507	1311
510	1301
510	1530
511	1296
511	1364
512	1300
512	1458
513	1490
513	1977
514	761
515	1540
516	775
516	1621
517	806
517	1403
517	1762
518	1371
519	1340
519	1955
520	837
521	1263
521	1673
522	623
522	1940
523	956
523	1464
523	1564
524	1045
524	1909
525	590
525	1101
525	1496
526	604
528	1031
528	1071
529	1210
530	1366
531	757
532	595
532	835
533	705
534	1033
535	542
535	1750
536	924
537	754
537	903
538	1947
539	740
539	1729
539	1979
540	726
541	632
542	979
543	586
543	684
543	1824
544	788
544	1379
545	1152
546	732
546	1555
547	945
547	1057
547	1510
548	565
548	1125
549	1083
549	1118
550	745
550	1803
551	1208
551	1667
551	1931
552	594
552	962
553	1890
554	687
554	800
555	1064
556	1275
556	1388
558	1978
559	672
559	1466
560	577
560	647
561	789
561	882
562	632
562	1500
562	1586
563	667
563	1615
564	609
565	1790
565	1922
566	745
567	858
567	890
568	1540
569	662
569	817
572	1277
574	706
574	957
574	1872
575	601
575	731
576	1334
576	1543
576	1827
577	1384
577	1737
579	1098
580	599
580	635
580	713
581	600
582	948
582	981
582	1504
583	1485
584	1882
585	989
585	1558
585	1815
586	786
586	1839
587	1742
588	677
588	1036
589	1434
590	1115
590	1232
591	972
591	1898
592	1976
593	663
593	1548
594	1949
595	822
595	1298
596	1087
597	1176
597	1187
598	865
599	1478
602	1130
602	1183
603	980
603	1224
605	914
605	1597
606	1512
607	1173
608	721
608	1219
610	1635
611	641
611	1745
611	1780
612	1393
613	968
613	1111
614	1030
615	1252
615	1817
616	908
617	957
618	802
618	1477
619	960
619	1007
621	1148
621	1851
622	682
623	1424
625	1995
626	986
626	1429
627	845
628	1336
630	1049
630	1967
631	1496
631	1566
631	1988
633	1109
634	702
635	1211
636	1320
637	752
637	1178
637	1268
638	1363
638	1645
639	861
639	1225
640	722
642	736
642	772
642	1709
643	1237
644	1996
645	777
645	1273
645	1653
647	1669
648	715
648	771
648	1738
649	801
649	1852
650	1721
652	722
652	1084
653	675
654	696
655	898
655	1581
655	1616
656	1671
657	1156
657	1887
658	1271
659	1942
660	1234
660	1907
663	671
664	1314
665	1004
665	1053
667	1244
668	1415
668	1899
669	1159
670	730
670	783
673	734
673	1295
673	1461
674	1572
676	1286
678	1017
678	1648
679	934
679	1463
680	1529
682	1165
683	775
685	1875
686	1756
688	958
688	1250
688	1770
689	763
689	1082
689	1513
690	1189
690	1902
691	1267
691	1421
691	1554
693	1097
694	1143
695	1040
695	1881
696	1835
697	812
697	1371
698	1841
699	726
699	935
699	1909
701	1110
702	748
703	1657
703	1863
704	1394
705	1784
705	1965
706	792
706	975
707	718
708	1408
708	1422
709	1186
709	1671
709	1765
710	1645
711	1162
711	1859
712	1327
713	1923
714	1272
714	1332
715	1483
716	772
716	1139
717	1283
718	964
718	1367
719	1153
719	1235
720	1147
723	1316
723	1947
724	1104
724	1218
724	1919
725	902
727	878
728	987
729	759
730	832
730	928
731	1294
734	1984
735	850
735	923
736	1718
737	1927
738	1037
738	1910
740	1977
741	1772
741	1983
742	1211
742	1482
743	1146
743	1474
744	767
744	1143
745	1486
746	1001
746	1840
748	1593
749	864
749	913
750	1258
750	1276
750	1806
751	796
751	1795
752	1350
752	1542
753	952
753	1403
755	1828
755	1992
756	1499
757	1438
757	1518
758	972
758	1027
758	1481
759	1102
760	1047
760	1669
761	1464
763	876
764	1290
764	1743
765	1874
766	1167
768	1574
769	1632
770	1248
772	1911
773	1080
774	1533
774	1786
775	977
777	1578
778	1537
778	1962
780	1713
781	1133
781	1342
782	880
783	994
784	1358
784	1697
784	1871
785	1002
785	1386
787	1882
788	1846
789	798
789	1648
790	1351
790	1420
792	1575
793	1652
793	1884
794	1547
795	947
795	1034
795	1996
796	1387
803	1456
805	1641
806	1329
807	1033
808	1720
810	1204
810	1699
811	1841
812	1536
814	941
816	1277
820	921
823	1691
824	1880
826	1915
827	1156
827	1852
828	1341
829	1094
830	913
831	1430
831	1639
832	1893
834	1839
835	1937
836	1072
836	1335
838	1250
839	1400
839	1524
848	1506
853	1330
854	911
855	1003
855	1163
856	1460
857	1488
859	1801
860	1830
862	1451
863	1293
864	1118
866	1028
867	1375
867	1895
868	1879
869	1327
870	1997
874	1489
874	1529
875	1867
878	1457
881	1109
883	919
883	1304
884	959
885	929
886	1535
887	981
888	1458
889	1318
890	1746
891	1253
894	1836
895	1255
900	1531
901	1908
902	924
903	964
904	1002
905	1981
906	1746
907	1422
909	1922
910	1741
912	1466
916	1759
918	1089
920	1254
923	1376
925	1783
926	1127
927	1688
928	1866
930	1507
930	1650
931	1377
932	1583
933	1975
935	1507
936	1265
939	1472
940	1476
943	1288
944	1391
949	1335
950	1427
951	1463
953	1163
955	1020
955	1066
956	1127
959	1240
961	1630
963	1126
965	1857
967	1763
968	1455
970	975
971	1915
978	1912
980	1161
982	1193
983	1735
984	1000
985	1225
989	1705
990	1784
991	1616
992	998
993	1309
996	1853
997	1480
998	1226
1004	1643
1005	1185
1006	1249
1007	1532
1009	1289
1013	1465
1014	1800
1015	1397
1017	1776
1018	1621
1019	1773
1019	1809
1020	1544
1022	1122
1022	1136
1023	1475
1023	1883
1026	1968
1027	1973
1028	1080
1029	1368
1029	1955
1034	1651
1035	1440
1041	1468
1042	1288
1043	1067
1045	1936
1046	1219
1050	1670
1052	1230
1054	1456
1055	1798
1061	1576
1064	1946
1065	1416
1065	1938
1066	1926
1067	1964
1069	1131
1069	1640
1073	1453
1075	1754
1076	1207
1078	1563
1081	1706
1082	1174
1083	1551
1085	1154
1085	1314
1089	1229
1090	1274
1091	1256
1092	1501
1092	1941
1094	1845
1095	1638
1099	1282
1099	1344
1103	1664
1103	1920
1105	1834
1106	1321
1107	1221
1107	1562
1111	1470
1114	1366
1115	1553
1116	1565
1117	1373
1117	1487
1121	1966
1123	1142
1123	1452
1124	1129
1125	1181
1126	1913
1128	1396
1129	1503
1130	1310
1137	1596
1144	1213
1145	1768
1146	1633
1151	1479
1152	1556
1153	1732
1157	1259
1158	1886
1160	1950
1162	1331
1165	1360
1166	1270
1167	1546
1168	1704
1172	1449
1172	1843
1175	1843
1176	1440
1177	1712
1179	1579
1179	1619
1180	1305
1182	1226
1183	1787
1185	1726
1186	1338
1188	1820
1188	1931
1192	1842
1195	1966
1196	1444
1197	1280
1199	1465
1201	1622
1202	1766
1203	1794
1203	1998
1206	1346
1206	1956
1210	1742
1213	1389
1215	1381
1215	1624
1216	1858
1217	1321
1220	1890
1221	1737
1230	1983
1231	1544
1232	1502
1233	1450
1233	1888
1239	1372
1240	1297
1242	1990
1245	1362
1246	1604
1248	1607
1249	1345
1251	1467
1252	1315
1254	1553
1257	1696
1257	1733
1260	1881
1264	1409
1268	1672
1270	1892
1272	1761
1273	1818
1278	1994
1279	1595
1280	1390
1282	1911
1285	1376
1286	1585
1287	1816
1291	1596
1293	1549
1298	1309
1299	1607
1300	1734
1307	1397
1308	1833
1310	1326
1311	1656
1312	1808
1313	1359
1317	1681
1317	1736
1318	1499
1319	1969
1320	1868
1322	1549
1323	1552
1324	1866
1329	1570
1331	1385
1332	1473
1333	1365
1334	1771
1337	1354
1339	1370
1342	1889
1343	1479
1347	1932
1349	1623
1351	1532
1352	1426
1353	1417
1353	1560
1358	1635
1361	1647
1375	1939
1377	1945
1378	1498
1379	1831
1381	1576
1382	1625
1386	1785
1391	1491
1392	1561
1398	1783
1399	1932
1402	1634
1405	1625
1407	1812
1408	1588
1409	1583
1413	1658
1417	1724
1419	1444
1421	1620
1423	1633
1424	1682
1425	1508
1433	1519
1433	1788
1435	1627
1438	1614
1439	1814
1445	1928
1450	1618
1452	1539
1454	1930
1460	1960
1461	1559
1472	1730
1484	1795
1490	1498
1492	1537
1492	1654
1494	1948
1497	1906
1497	1963
1501	1571
1502	1921
1505	1640
1505	1943
1515	1756
1518	1745
1520	1778
1521	1689
1524	1967
1525	1785
1528	1629
1528	1641
1533	1656
1547	1789
1548	1835
1552	1740
1561	1681
1563	1611
1566	1999
1567	1626
1568	1814
1569	1573
1569	1914
1571	1935
1574	1642
1577	1912
1582	1860
1582	1989
1584	1837
1588	1959
1589	1662
1589	1847
1591	1691
1592	1822
1594	1649
1599	1706
1600	1749
1601	1772
1603	1705
1605	1840
1606	1698
1608	1937
1611	1653
1614	1905
1622	1810
1626	1880
1627	1759
1631	1914
1646	1794
1646	1962
1649	1825
1650	1958
1655	1985
1660	1719
1674	1733
1676	1779
1679	1813
1684	1897
1685	1980
1688	1829
1690	1934
1693	1878
1695	1862
1697	1907
1707	1964
1708	1802
1711	1903
1713	1734
1716	1935
1725	1830
1729	1748
1736	1774
1743	1884
1747	1811
1747	1894
1752	1892
1753	1867
1754	1965
1755	1973
1764	1926
1764	1993
1767	1800
1773	1898
1786	1865
1792	1863
1796	1990
1802	1979
1809	1853
1810	1833
1813	1952
1823	1984
1824	1917
1838	1858
1844	1953
1894	1944
1923	1942
1924	1971
1936	1991
1940	1963
